154.772727 44.045455
129.117647 44.294118
180.863636 45.272727
206.900000 46.000000
233.300000 50.150000
125.350000 67.000000
100.785714 68.142857
153.066667 67.933333
178.631579 69.263158
205.280000 71.120000
234.600000 70.850000
259.800000 75.500000
75.187500 92.687500
98.266667 92.200000
175.160000 93.880000
125.000000 93.000000
149.875000 93.187500
205.321429 94.678571
232.916667 97.291667
262.750000 98.250000
285.250000 103.500000
49.062500 116.875000
72.263158 117.263158
97.222222 118.555556
173.888889 118.851852
120.800000 118.866667
145.000000 119.285714
201.937500 120.625000
234.790698 121.720930
261.928571 124.428571
285.538462 127.076923
305.473684 131.473684
46.750000 141.958333
69.611111 143.166667
92.736842 143.736842
117.136364 144.863636
142.793103 145.862069
169.840909 147.022727
201.107143 148.410714
233.291667 151.041667
261.437500 152.437500
284.000000 155.166667
306.818182 158.409091
43.950000 167.600000
68.521739 169.913043
92.181818 171.954545
114.466667 173.066667
140.214286 175.428571
168.593220 178.525424
198.750000 179.833333
229.828125 181.156250
258.787234 182.829787
282.500000 183.785714
305.037037 185.259259
42.263158 192.684211
65.000000 195.500000
88.133333 198.266667
112.727273 201.772727
137.970588 205.294118
166.333333 207.833333
197.338710 211.306452
226.413043 212.847826
279.000000 212.305556
255.340000 213.100000
301.851852 212.222222
41.789474 218.315789
62.400000 221.600000
86.500000 225.000000
109.312500 227.687500
136.550000 233.000000
165.360000 236.360000
194.909091 238.636364
299.100000 238.200000
225.666667 241.000000
253.214286 240.357143
278.062500 240.375000
62.454545 248.000000
85.166667 251.500000
110.500000 255.750000
136.294118 257.470588
164.478261 260.739130
193.428571 263.380952
222.250000 264.750000
250.133333 265.866667
274.444444 264.666667
86.200000 277.000000
109.812500 279.875000
136.571429 283.285714
163.904762 284.571429
191.500000 286.833333
218.933333 289.266667
245.384615 289.538462
111.200000 303.400000
136.300000 305.950000
162.952381 308.619048
215.428571 310.428571
189.200000 310.666667
