157.000000 38.705882
130.647059 39.176471
183.545455 40.136364
209.375000 42.000000
234.947368 47.052632
126.826087 61.000000
101.500000 62.625000
155.818182 62.954545
181.346154 65.076923
207.619048 67.857143
235.777778 68.444444
259.692308 73.000000
99.470588 86.000000
74.875000 86.937500
127.277778 87.611111
152.851852 89.185185
178.842105 91.684211
206.909091 93.000000
232.111111 96.166667
260.388889 97.055556
284.000000 101.083333
72.545455 111.590909
48.375000 112.125000
98.684211 112.789474
124.888889 114.444444
150.250000 115.833333
178.055556 117.388889
203.500000 120.285714
231.521739 121.260870
257.125000 123.562500
283.000000 125.000000
304.944444 128.444444
45.909091 137.272727
70.111111 137.666667
96.000000 138.315789
122.500000 140.285714
149.071429 141.571429
175.000000 143.428571
201.615385 145.230769
228.944444 147.666667
255.307692 149.230769
281.000000 151.230769
306.000000 154.352941
44.083333 163.166667
69.708333 164.708333
95.647059 165.647059
120.833333 166.555556
147.714286 168.142857
173.866667 170.333333
199.882353 171.588235
226.882353 173.000000
252.222222 174.888889
279.625000 177.562500
303.800000 179.480000
42.380952 188.571429
67.100000 190.300000
92.437500 191.375000
119.117647 193.294118
145.714286 194.500000
171.888889 196.277778
198.882353 198.411765
224.352941 200.000000
251.260870 202.043478
276.437500 203.375000
301.620690 205.620690
41.809524 214.619048
64.136364 217.045455
90.300000 218.600000
116.125000 219.333333
143.411765 221.352941
170.352941 223.000000
197.052632 225.052632
224.565217 227.434783
249.142857 229.178571
276.360000 231.240000
299.111111 231.592593
63.882353 244.117647
88.058824 246.235294
140.954545 248.727273
114.500000 248.250000
168.300000 250.850000
196.105263 252.789474
222.833333 254.458333
250.083333 256.750000
274.352941 257.470588
87.692308 273.000000
112.650000 275.100000
139.666667 277.000000
166.909091 278.045455
193.875000 280.062500
220.500000 282.500000
247.000000 283.500000
113.153846 300.461538
138.653846 302.423077
165.391304 303.608696
191.611111 306.500000
217.937500 306.375000
